GRID1
0 0 0 0 9 0 0 0 0 
0 7 0 0 5 3 0 0 1
0 0 0 6 0 0 0 0 0
0 9 0 0 3 0 4 0 0
0 0 1 4 0 0 8 0 0
0 0 5 7 6 0 0 9 0
0 0 0 0 0 4 0 6 0
8 6 0 9 0 0 0 3 0
0 1 0 0 0 0 0 7 5

GRID2
0 2 0 5 0 0 0 0 7 
1 9 0 7 0 0 0 0 0
0 8 7 0 3 0 5 9 0
0 0 0 0 4 0 0 0 0
9 0 0 0 0 0 0 0 0
0 0 0 1 0 0 3 4 0
0 0 0 3 5 0 2 8 0
0 0 3 0 0 1 0 0 9
5 0 0 0 0 0 0 0 0

GRID3
0 8 0 0 6 0 1 0 0 
0 6 0 0 0 0 0 8 0
0 3 0 1 0 0 0 0 9
0 0 0 0 0 3 6 5 0
0 0 1 0 7 0 9 0 0
0 0 0 0 1 0 0 3 0
0 0 2 0 0 6 0 0 3
0 0 0 0 0 0 8 0 0
8 0 0 5 0 0 7 1 2

GRID4
0 1 0 0 0 4 8 0 0 
0 0 5 0 0 0 0 0 0
0 0 7 1 0 0 9 0 0
0 0 0 0 5 0 0 7 0
0 2 9 0 0 0 0 4 6
1 0 0 0 0 0 2 9 8
6 9 0 0 0 5 4 0 0
0 4 0 0 0 0 0 0 1
5 0 1 0 2 0 0 0 0

GRID5
2 0 5 0 0 0 6 0 0 
0 0 0 0 0 0 0 4 0
1 0 0 7 0 0 2 0 0
0 1 0 0 5 0 9 0 2
3 0 0 9 0 0 0 0 0
0 2 9 4 0 0 0 0 5
0 3 4 0 0 0 0 0 0
7 0 0 0 0 0 4 0 0
6 9 0 0 0 2 0 5 0

GRID6
0 0 0 0 7 0 0 4 0 
0 0 5 1 4 0 0 0 7
0 0 0 0 0 0 0 2 0
9 6 0 0 0 0 0 0 0
8 0 0 5 0 9 0 0 0
0 2 0 0 0 4 7 0 6
0 1 0 0 0 0 0 0 5
0 0 0 8 5 0 9 0 0
0 0 0 0 0 7 4 0 1

GRID7
0 7 3 0 0 0 2 0 0 
0 0 1 0 0 0 0 5 0
0 0 0 0 0 0 0 4 0
0 4 2 0 0 0 0 0 0
0 8 0 4 0 0 1 2 5
0 0 0 0 5 0 3 0 0
0 0 0 0 4 3 0 0 6
0 1 0 5 8 0 0 0 2
0 0 0 0 1 6 0 8 0

GRID8
0 9 7 0 8 0 0 0 0 
8 0 0 0 2 0 0 0 5
5 0 0 1 6 0 0 0 8
0 5 4 0 0 0 0 0 0
0 0 6 9 1 5 0 4 0
0 0 9 0 0 0 0 0 0
0 0 0 0 0 4 6 0 0
0 0 1 0 0 8 0 0 2
6 7 0 0 0 0 0 0 9

GRID9
0 6 0 0 0 8 0 0 2 
5 8 0 4 7 9 0 0 0
0 0 0 0 0 0 0 0 0
0 0 0 3 0 0 2 0 8
0 0 0 5 0 0 0 0 6
0 0 0 0 6 0 0 0 7
0 0 8 0 0 0 7 0 3
0 7 0 0 0 0 0 6 0
0 4 0 0 0 2 0 5 0

GRID10
0 0 0 0 0 0 0 0 0 
6 7 0 0 0 0 0 4 0
9 3 4 0 1 7 0 8 0
4 0 1 0 7 6 0 3 0
0 9 0 0 8 4 0 6 0
0 0 0 0 0 0 0 0 1
0 6 0 2 0 0 0 0 0
8 0 0 0 0 3 0 0 0
3 0 0 0 0 8 6 0 0